version https://git-lfs.github.com/spec/v1
oid sha256:b3168a6b603c22e23dc144a17b946b09c8ec99dd6c49acad42d303721c2a73b9
size 29671
